50 40
5 18 -25
-29 37 -26
-20 28 18
18 -20 -24
16 -9 -2
-2 -1 -34
-13 17 -33
5 18 -23
-4 -31 30
15 19 12
5 11 12
16 -24 -6
-8 -38 -24
-25 -22 11
-33 -32 16
16 17 11
-32 28 7
39 37 -24
-25 -31 11
7 37 -38
36 -2 19
-4 18 15
19 -10 16
-33 28 7
19 -20 5
-6 3 3
-24 -2 -4
-23 -14 -33
-31 -31 39
-35 17 -9
16 -21 -14
16 -14 15
-22 -14 -23
-14 11 39
15 -21 -10
-21 -34 -20
-22 3 -2
30 -13 -6
11 -14 -20
-26 -34 -21
27 30 17
-14 -21 -10
-25 -22 -21
-25 -25 -29
39 -25 7
-24 -10 -6
-1 -6 -20
5 -20 -25
19 11 -24
40 -29 -6
